   0.000       15.36    
  0.5000       15.35    
   1.000       15.30    
   1.500       15.23    
   2.000       15.13    
   2.500       15.00    
   3.000       14.84    
   3.500       14.66    
   4.000       14.45    
   4.500       14.22    
   5.000       13.96    
   5.500       13.68    
   6.000       13.38    
   6.500       13.06    
   7.000       12.72    
   7.500       12.37    
   8.000       12.00    
   8.500       11.62    
   9.000       11.23    
   9.500       10.83    
   10.00       10.42    
   10.50       10.01    
   11.00       9.592    
   11.50       9.172    
   12.00       8.750    
   12.50       8.330    
   13.00       7.911    
   13.50       7.496    
   14.00       7.086    
   14.50       6.682    
   15.00       6.286    
   15.50       5.898    
   16.00       5.520    
   16.50       5.152    
   17.00       4.795    
   17.50       4.450    
   18.00       4.119    
   18.50       3.800    
   19.00       3.495    
   19.50       3.204    
   20.00       2.927    
   20.50       2.665    
   21.00       2.418    
   21.50       2.185    
   22.00       1.966    
   22.50       1.763    
   23.00       1.573    
   23.50       1.398    
   24.00       1.236    
   24.50       1.088    
   25.00      0.9524    
   25.50      0.8299    
   26.00      0.7195    
   26.50      0.6208    
   27.00      0.5333    
   27.50      0.4564    
   28.00      0.3896    
   28.50      0.3324    
   29.00      0.2842    
   29.50      0.2444    
   30.00      0.2125    
   30.50      0.1879    
   31.00      0.1699    
   31.50      0.1582    
   32.00      0.1522    
   32.50      0.1512    
   33.00      0.1549    
   33.50      0.1627    
   34.00      0.1742    
   34.50      0.1888    
   35.00      0.2062    
   35.50      0.2259    
   36.00      0.2475    
   36.50      0.2708    
   37.00      0.2952    
   37.50      0.3206    
   38.00      0.3465    
   38.50      0.3727    
   39.00      0.3990    
   39.50      0.4252    
   40.00      0.4509    
   40.50      0.4760    
   41.00      0.5004    
   41.50      0.5239    
   42.00      0.5463    
   42.50      0.5676    
   43.00      0.5877    
   43.50      0.6064    
   44.00      0.6237    
   44.50      0.6396    
   45.00      0.6541    
   45.50      0.6670    
   46.00      0.6784    
   46.50      0.6883    
   47.00      0.6968    
   47.50      0.7037    
   48.00      0.7092    
   48.50      0.7133    
   49.00      0.7160    
   49.50      0.7174    
   50.00      0.7176    
   50.50      0.7165    
   51.00      0.7142    
   51.50      0.7109    
   52.00      0.7065    
   52.50      0.7012    
   53.00      0.6949    
   53.50      0.6878    
   54.00      0.6800    
   54.50      0.6715    
   55.00      0.6623    
   55.50      0.6526    
   56.00      0.6423    
   56.50      0.6317    
   57.00      0.6206    
   57.50      0.6093    
   58.00      0.5977    
   58.50      0.5859    
   59.00      0.5739    
   59.50      0.5618    
   60.00      0.5497    
   60.50      0.5376    
   61.00      0.5254    
   61.50      0.5134    
   62.00      0.5014    
   62.50      0.4896    
   63.00      0.4780    
   63.50      0.4665    
   64.00      0.4552    
   64.50      0.4442    
   65.00      0.4334    
   65.50      0.4229    
   66.00      0.4127    
   66.50      0.4027    
   67.00      0.3931    
   67.50      0.3837    
   68.00      0.3747    
   68.50      0.3660    
   69.00      0.3576    
   69.50      0.3495    
   70.00      0.3418    
   70.50      0.3343    
   71.00      0.3272    
   71.50      0.3204    
   72.00      0.3138    
   72.50      0.3076    
   73.00      0.3016    
   73.50      0.2959    
   74.00      0.2905    
   74.50      0.2853    
   75.00      0.2804    
   75.50      0.2757    
   76.00      0.2712    
   76.50      0.2669    
   77.00      0.2629    
   77.50      0.2590    
   78.00      0.2552    
   78.50      0.2516    
   79.00      0.2482    
   79.50      0.2449    
   80.00      0.2417    
   80.50      0.2386    
   81.00      0.2356    
   81.50      0.2327    
   82.00      0.2299    
   82.50      0.2271    
   83.00      0.2244    
   83.50      0.2218    
   84.00      0.2192    
   84.50      0.2166    
   85.00      0.2141    
   85.50      0.2116    
   86.00      0.2091    
   86.50      0.2066    
   87.00      0.2041    
   87.50      0.2016    
   88.00      0.1992    
   88.50      0.1967    
   89.00      0.1942    
   89.50      0.1917    
   90.00      0.1892    
   90.50      0.1866    
   91.00      0.1841    
   91.50      0.1815    
   92.00      0.1789    
   92.50      0.1763    
   93.00      0.1737    
   93.50      0.1711    
   94.00      0.1684    
   94.50      0.1657    
   95.00      0.1630    
   95.50      0.1602    
   96.00      0.1575    
   96.50      0.1547    
   97.00      0.1519    
   97.50      0.1491    
   98.00      0.1463    
   98.50      0.1435    
   99.00      0.1407    
   99.50      0.1379    
   100.0      0.1351    
   100.5      0.1322    
   101.0      0.1294    
   101.5      0.1266    
   102.0      0.1239    
   102.5      0.1211    
   103.0      0.1184    
   103.5      0.1156    
   104.0      0.1130    
   104.5      0.1103    
   105.0      0.1077    
   105.5      0.1051    
   106.0      0.1025    
   106.5      0.1000    
   107.0      0.9758E-01
   107.5      0.9516E-01
   108.0      0.9280E-01
   108.5      0.9049E-01
   109.0      0.8823E-01
   109.5      0.8603E-01
   110.0      0.8389E-01
   110.5      0.8181E-01
   111.0      0.7979E-01
   111.5      0.7783E-01
   112.0      0.7594E-01
   112.5      0.7412E-01
   113.0      0.7236E-01
   113.5      0.7068E-01
   114.0      0.6907E-01
   114.5      0.6753E-01
   115.0      0.6607E-01
   115.5      0.6468E-01
   116.0      0.6337E-01
   116.5      0.6214E-01
   117.0      0.6099E-01
   117.5      0.5991E-01
   118.0      0.5891E-01
   118.5      0.5800E-01
   119.0      0.5716E-01
   119.5      0.5640E-01
   120.0      0.5572E-01
   120.5      0.5512E-01
   121.0      0.5460E-01
   121.5      0.5416E-01
   122.0      0.5380E-01
   122.5      0.5351E-01
   123.0      0.5330E-01
   123.5      0.5317E-01
   124.0      0.5311E-01
   124.5      0.5312E-01
   125.0      0.5321E-01
   125.5      0.5337E-01
   126.0      0.5360E-01
   126.5      0.5390E-01
   127.0      0.5427E-01
   127.5      0.5471E-01
   128.0      0.5521E-01
   128.5      0.5578E-01
   129.0      0.5642E-01
   129.5      0.5711E-01
   130.0      0.5787E-01
   130.5      0.5869E-01
   131.0      0.5957E-01
   131.5      0.6050E-01
   132.0      0.6149E-01
   132.5      0.6254E-01
   133.0      0.6363E-01
   133.5      0.6478E-01
   134.0      0.6597E-01
   134.5      0.6722E-01
   135.0      0.6850E-01
   135.5      0.6983E-01
   136.0      0.7120E-01
   136.5      0.7262E-01
   137.0      0.7406E-01
   137.5      0.7555E-01
   138.0      0.7707E-01
   138.5      0.7862E-01
   139.0      0.8020E-01
   139.5      0.8181E-01
   140.0      0.8345E-01
   140.5      0.8511E-01
   141.0      0.8680E-01
   141.5      0.8851E-01
   142.0      0.9024E-01
   142.5      0.9200E-01
   143.0      0.9377E-01
   143.5      0.9556E-01
   144.0      0.9736E-01
   144.5      0.9918E-01
   145.0      0.1010    
   145.5      0.1029    
   146.0      0.1047    
   146.5      0.1066    
   147.0      0.1084    
   147.5      0.1103    
   148.0      0.1122    
   148.5      0.1140    
   149.0      0.1159    
   149.5      0.1178    
   150.0      0.1196    
   150.5      0.1215    
   151.0      0.1233    
   151.5      0.1252    
   152.0      0.1270    
   152.5      0.1288    
   153.0      0.1306    
   153.5      0.1324    
   154.0      0.1342    
   154.5      0.1359    
   155.0      0.1377    
   155.5      0.1394    
   156.0      0.1411    
   156.5      0.1428    
   157.0      0.1444    
   157.5      0.1461    
   158.0      0.1477    
   158.5      0.1493    
   159.0      0.1509    
   159.5      0.1524    
   160.0      0.1540    
   160.5      0.1555    
   161.0      0.1569    
   161.5      0.1584    
   162.0      0.1598    
   162.5      0.1612    
   163.0      0.1626    
   163.5      0.1639    
   164.0      0.1652    
   164.5      0.1664    
   165.0      0.1677    
   165.5      0.1689    
   166.0      0.1700    
   166.5      0.1711    
   167.0      0.1722    
   167.5      0.1732    
   168.0      0.1742    
   168.5      0.1752    
   169.0      0.1761    
   169.5      0.1770    
   170.0      0.1778    
   170.5      0.1787    
   171.0      0.1794    
   171.5      0.1802    
   172.0      0.1808    
   172.5      0.1815    
   173.0      0.1821    
   173.5      0.1827    
   174.0      0.1832    
   174.5      0.1837    
   175.0      0.1842    
   175.5      0.1846    
   176.0      0.1849    
   176.5      0.1853    
   177.0      0.1856    
   177.5      0.1858    
   178.0      0.1860    
   178.5      0.1862    
   179.0      0.1863    
   179.5      0.1863    
   180.0      0.1864    
