0.500 0.9986
1.500 0.9783
2.500 0.9400
3.500 0.8924
4.500 0.8431
5.500 0.7990
6.500 0.7657
7.500 0.7484
8.500 0.7512
9.500 0.7776
10.50 0.8299
11.50 0.9095
12.50 1.017
13.50 1.151
14.50 1.309
15.50 1.490
16.50 1.688
17.50 1.899
18.50 2.118
19.50 2.338
20.50 2.553
21.50 2.756
22.50 2.941
23.50 3.103
24.50 3.235
25.50 3.333
26.50 3.395
27.50 3.416
28.50 3.397
29.50 3.336
30.50 3.236
31.50 3.098
32.50 2.927
33.50 2.726
34.50 2.502
35.50 2.260
36.50 2.007
37.50 1.749
38.50 1.495
39.50 1.249
40.50 1.019
41.50 0.8109
42.50 0.6287
43.50 0.4771
44.50 0.3593
45.50 0.2773
46.50 0.2323
47.50 0.2243
48.50 0.2525
49.50 0.3149
50.50 0.4088
51.50 0.5307
52.50 0.6765
53.50 0.8419
54.50 1.022
55.50 1.212
56.50 1.406
57.50 1.601
58.50 1.791
59.50 1.973
60.50 2.143
61.50 2.298
62.50 2.435
63.50 2.554
64.50 2.653
65.50 2.731
66.50 2.789
67.50 2.827
68.50 2.848
69.50 2.852
70.50 2.843
71.50 2.821
72.50 2.790
73.50 2.752
74.50 2.710
75.50 2.665
76.50 2.622
77.50 2.580
78.50 2.543
79.50 2.510
80.50 2.485
81.50 2.466
82.50 2.454
83.50 2.449
84.50 2.451
85.50 2.458
86.50 2.470
87.50 2.485
88.50 2.502
89.50 2.519
90.50 2.534
91.50 2.546
92.50 2.553
93.50 2.554
94.50 2.548
95.50 2.532
96.50 2.507
97.50 2.471
98.50 2.424
99.50 2.367
100.5 2.299
101.5 2.221
102.5 2.133
103.5 2.036
104.5 1.932
105.5 1.822
106.5 1.707
107.5 1.589
108.5 1.469
109.5 1.349
110.5 1.230
111.5 1.115
112.5 1.003
113.5 0.8977
114.5 0.7985
115.5 0.7068
116.5 0.6232
117.5 0.5482
118.5 0.4822
119.5 0.4253
120.5 0.3773
121.5 0.3382
122.5 0.3077
123.5 0.2853
124.5 0.2708
125.5 0.2636
126.5 0.2634
127.5 0.2701
128.5 0.2833
129.5 0.3033
130.5 0.3303
131.5 0.3647
132.5 0.4073
133.5 0.4592
134.5 0.5218
135.5 0.5967
136.5 0.6859
137.5 0.7917
138.5 0.9164
139.5 1.063
140.5 1.234
141.5 1.433
142.5 1.664
143.5 1.928
144.5 2.229
145.5 2.571
146.5 2.956
147.5 3.386
148.5 3.864
149.5 4.392
150.5 4.971
151.5 5.601
152.5 6.283
153.5 7.016
154.5 7.799
155.5 8.630
156.5 9.506
157.5 10.42
158.5 11.38
159.5 12.37
160.5 13.38
161.5 14.41
162.5 15.46
163.5 16.52
164.5 17.57
165.5 18.61
166.5 19.63
167.5 20.63
168.5 21.59
169.5 22.51
170.5 23.37
171.5 24.17
172.5 24.91
173.5 25.57
174.5 26.15
175.5 26.64
176.5 27.04
177.5 27.34
178.5 27.54
179.5 27.64
