0.500 17.93
1.000 17.88
1.500 17.79
2.000 17.67
2.500 17.52
3.000 17.34
3.500 17.12
4.000 16.88
4.500 16.60
5.000 16.30
5.500 15.97
6.000 15.62
6.500 15.25
7.000 14.85
7.500 14.44
8.000 14.01
8.500 13.57
9.000 13.11
9.500 12.65
10.00 12.18
10.50 11.70
11.00 11.22
11.50 10.74
12.00 10.27
12.50 9.797
13.00 9.333
13.50 8.878
14.00 8.433
14.50 8.001
15.00 7.583
15.50 7.181
16.00 6.795
16.50 6.428
17.00 6.079
17.50 5.749
18.00 5.439
18.50 5.150
19.00 4.880
19.50 4.630
20.00 4.400
20.50 4.188
21.00 3.995
21.50 3.819
22.00 3.660
22.50 3.516
23.00 3.387
23.50 3.271
24.00 3.166
24.50 3.072
25.00 2.988
25.50 2.912
26.00 2.844
26.50 2.781
27.00 2.723
27.50 2.670
28.00 2.620
28.50 2.572
29.00 2.526
29.50 2.482
30.00 2.439
30.50 2.397
31.00 2.355
31.50 2.314
32.00 2.272
32.50 2.231
33.00 2.190
33.50 2.150
34.00 2.109
34.50 2.070
35.00 2.031
35.50 1.993
36.00 1.955
36.50 1.919
37.00 1.885
37.50 1.851
38.00 1.820
38.50 1.789
39.00 1.761
39.50 1.734
40.00 1.708
40.50 1.684
41.00 1.662
41.50 1.640
42.00 1.620
42.50 1.601
43.00 1.583
43.50 1.565
44.00 1.548
44.50 1.531
45.00 1.513
45.50 1.496
46.00 1.478
46.50 1.458
47.00 1.438
47.50 1.417
48.00 1.394
48.50 1.369
49.00 1.343
49.50 1.314
50.00 1.284
50.50 1.252
51.00 1.218
51.50 1.182
52.00 1.144
52.50 1.105
53.00 1.064
53.50 1.022
54.00 0.9789
54.50 0.9349
55.00 0.8903
55.50 0.8455
56.00 0.8006
56.50 0.7561
57.00 0.7120
57.50 0.6687
58.00 0.6265
58.50 0.5855
59.00 0.5459
59.50 0.5078
60.00 0.4715
60.50 0.4371
61.00 0.4045
61.50 0.3740
62.00 0.3454
62.50 0.3188
63.00 0.2941
63.50 0.2714
64.00 0.2506
64.50 0.2316
65.00 0.2142
65.50 0.1985
66.00 0.1843
66.50 0.1715
67.00 0.1600
67.50 0.1498
68.00 0.1406
68.50 0.1324
69.00 0.1252
69.50 0.1188
70.00 0.1132
70.50 0.1082
71.00 0.1039
71.50 0.1002
72.00 0.9699E-01
72.50 0.9429E-01
73.00 0.9205E-01
73.50 0.9025E-01
74.00 0.8887E-01
74.50 0.8791E-01
75.00 0.8736E-01
75.50 0.8721E-01
76.00 0.8749E-01
76.50 0.8818E-01
77.00 0.8932E-01
77.50 0.9090E-01
78.00 0.9295E-01
78.50 0.9548E-01
79.00 0.9851E-01
79.50 0.1021
80.00 0.1061
80.50 0.1107
81.00 0.1159
81.50 0.1216
82.00 0.1278
82.50 0.1346
83.00 0.1418
83.50 0.1496
84.00 0.1579
84.50 0.1666
85.00 0.1758
85.50 0.1853
86.00 0.1951
86.50 0.2052
87.00 0.2156
87.50 0.2261
88.00 0.2367
88.50 0.2474
89.00 0.2582
89.50 0.2689
90.00 0.2794
90.50 0.2899
91.00 0.3001
91.50 0.3101
92.00 0.3198
92.50 0.3292
93.00 0.3383
93.50 0.3470
94.00 0.3553
94.50 0.3632
95.00 0.3707
95.50 0.3778
96.00 0.3845
96.50 0.3907
97.00 0.3965
97.50 0.4020
98.00 0.4070
98.50 0.4117
99.00 0.4161
99.50 0.4201
100.0 0.4238
100.5 0.4272
101.0 0.4304
101.5 0.4333
102.0 0.4360
102.5 0.4385
103.0 0.4408
103.5 0.4429
104.0 0.4450
104.5 0.4468
105.0 0.4486
105.5 0.4503
106.0 0.4519
106.5 0.4535
107.0 0.4549
107.5 0.4563
108.0 0.4577
108.5 0.4590
109.0 0.4603
109.5 0.4616
110.0 0.4628
110.5 0.4639
111.0 0.4650
111.5 0.4661
112.0 0.4671
112.5 0.4681
113.0 0.4690
113.5 0.4698
114.0 0.4706
114.5 0.4713
115.0 0.4719
115.5 0.4724
116.0 0.4729
116.5 0.4732
117.0 0.4734
117.5 0.4735
118.0 0.4735
118.5 0.4733
119.0 0.4730
119.5 0.4726
120.0 0.4720
120.5 0.4713
121.0 0.4705
121.5 0.4695
122.0 0.4683
122.5 0.4670
123.0 0.4655
123.5 0.4639
124.0 0.4621
124.5 0.4602
125.0 0.4581
125.5 0.4559
126.0 0.4536
126.5 0.4511
127.0 0.4485
127.5 0.4457
128.0 0.4428
128.5 0.4399
129.0 0.4368
129.5 0.4336
130.0 0.4304
130.5 0.4270
131.0 0.4236
131.5 0.4202
132.0 0.4167
132.5 0.4132
133.0 0.4096
133.5 0.4061
134.0 0.4025
134.5 0.3990
135.0 0.3954
135.5 0.3920
136.0 0.3885
136.5 0.3851
137.0 0.3818
137.5 0.3786
138.0 0.3755
138.5 0.3724
139.0 0.3695
139.5 0.3667
140.0 0.3640
140.5 0.3614
141.0 0.3590
141.5 0.3567
142.0 0.3546
142.5 0.3526
143.0 0.3508
143.5 0.3492
144.0 0.3477
144.5 0.3464
145.0 0.3452
145.5 0.3443
146.0 0.3435
146.5 0.3429
147.0 0.3424
147.5 0.3421
148.0 0.3420
148.5 0.3421
149.0 0.3423
149.5 0.3427
150.0 0.3433
150.5 0.3440
151.0 0.3449
151.5 0.3459
152.0 0.3470
152.5 0.3483
153.0 0.3498
153.5 0.3513
154.0 0.3530
154.5 0.3548
155.0 0.3567
155.5 0.3588
156.0 0.3609
156.5 0.3631
157.0 0.3654
157.5 0.3679
158.0 0.3703
158.5 0.3729
159.0 0.3755
159.5 0.3782
160.0 0.3809
160.5 0.3837
161.0 0.3865
161.5 0.3894
162.0 0.3922
162.5 0.3951
163.0 0.3981
163.5 0.4010
164.0 0.4039
164.5 0.4068
165.0 0.4097
165.5 0.4126
166.0 0.4155
166.5 0.4183
167.0 0.4211
167.5 0.4239
168.0 0.4266
168.5 0.4292
169.0 0.4318
169.5 0.4344
170.0 0.4368
170.5 0.4392
171.0 0.4414
171.5 0.4436
172.0 0.4457
172.5 0.4477
173.0 0.4496
173.5 0.4514
174.0 0.4531
174.5 0.4546
175.0 0.4561
175.5 0.4574
176.0 0.4585
176.5 0.4596
177.0 0.4605
177.5 0.4613
178.0 0.4619
178.5 0.4624
179.0 0.4627
179.5 0.4630
180.0 0.4630
